16395
94180
73506
05429
70691
69421
35279
54920
96082
62134
81970
01865
38765
15306
17209
57286
08261
83720
82749
70643
86394
63491
42975
26347
89105
52971
01936
17546
56908
24973
60345
02356
91806
05462
18239
49372
38701
12643
46532
07516
31760
19230
89251
02789
07291
28396
87039
94216
15473
35870
72019
01284
27980
10548
26091
98637
98653
47693
51263
63547
23419
30762
64735
10652
92456
42635
47931
50643
61342
34215
10963
30954
36184
20815
35198
32451
37092
76542
17096
07652
39182
25893
32907
18453
07689
69423
29710
10865
56291
60175
90538
06931
03146
14583
31894
90734
67841
24689
39564
15763
23047
21386
80713
50483
41250
45326
09241
70456
53214
94152
26573
15379
10564
35687
28579
71453
85630
16302
27496
75806
30154
64803
65071
60812
23619
91260
87526
54621
40578
26549
51482
36458
72364
80724
17809
29467
35689
49531
85746
13874
07396
26914
47863
76103
05968
87391
72851
42189
93145
56328
35107
04716
03164
42615
25749
18406
36128
25908
17508
45827
79861
46197
43697
13407
03987
72093
80914
09687
06593
21863
06329
39527
85471
48956
52847
85420
73842
08541
17904
05879
52140
64038
87352
90143
37289
62719
98721
42705
26781
65148
79134
59028
76854
82950
80473
08653
42589
63795
14602
39241
82675
84321
03267
24815
78936
27410
81075
14765
47692
40731
28716
83046
67951
04127
61058
60289
87160
26910
57890
70381
91063
04135
16870
18674
05461
02846
32410
54820
68394
64907
98473
59671
47831
79031
74813
75280
84057
57908
86179
59107
51628
36805
79825
04563
01459
90845
72419
64297
43506
93874
05734
64730
97125
01325
89136
03924
52037
80321
50962
01359
70543
48315
62509
64571
36521
87924
52719
45139
53814
85310
90657
78321
28495
16452
07521
97514
39725
03624
40218
27548
57649
87692
84325
26531
87390
10475
91736
48379
19740
21659
19846
16758
87501
40728
18465
89140
37845
31875
51924
87532
95380
79243
87905
04582
45871
59460
17938
92847
38159
02514
78152
56294
79105
05389
13069
05379
27580
80246
36810
16473
94086
20145
86021
61752
10287
80653
13726
61792
16320
84901
58730
80759
72430
71028
24836
23014
92136
76180
19238
36418
89571
20918
71832
42507
08674
62418
74281
48916
43571
97486
68172
17869
69123
84639
25874
68720
47532
05174
27659
04536
74261
58716
39658
43819
34950
15489
86215
46790
79465
61980
60193
13674
28534
48735
57128
28196
40127
49215
01937
95402
38764
27105
40829
67034
18430
92014
85317
57089
30124
46503
08567
50126
26391
71532
97568
24019
34708
56409
49673
92015
96345
62501
48570
65234
39580
79081
69425
86231
53419
16423
70214
28790
08376
51697
62398
13765
72839
76842
69308
67935
18750
71950
29863
23897
62031
05864
94107
89532
42830
16832
42850
93046
05846
95341
43529
95072
57921
64813
21730
17935
28954
51968
97021
31042
30571
10396
19587
64391
07915
24756
10956
78613
14375
39726
96103
63097
29483
81309
89250
29408
38496
79531
42958
39061
70164
53967
65297
42351
96710
27861
10748
07658
06387
82419
07645
31590
16029
01836
53476
39425
13792
20781
97456
60721
87510
36920
09723
89107
31627
56184
60185
72450
27180
20786
15079
24658
42036
05978
23075
94018
40862
97546
63908
74031
40681
41370
52710
28504
12678
19346
16904
96240
16478
09426
43127
76913
87923
59031
92783
21903
91740
76298
96802
53942
38674
72198
72415
21640
89236
34297
90382
13058
48326
17642
12536
46810
80231
07596
31892
96015
45172
78965
67350
02416
91273
74923
16042
68230
31907
31985
91275
21364
07451
29706
45031
50193
17524
56430
17864
74265
68749
49023
61054
31805
94175
13890
65948
03869
23817
29384
34127
16395
94180
73506
05429
70691
69421
35279
54920
96082
62134
81970
01865
38765
15306
17209
57286
08261
83720
82749
70643
86394
63491
42975
26347
89105
52971
01936
17546
56908
24973
60345
02356
91806
05462
18239
49372
38701
12643
46532
07516
31760
19230
89251
02789
07291
28396
87039
94216
15473
35870
72019
01284
27980
10548
26091
98637
98653
47693
51263
63547
23419
30762
64735
10652
92456
42635
47931
50643
61342
34215
10963
30954
36184
20815
35198
32451
37092
76542
17096
07652
39182
25893
32907
18453
07689
69423
29710
10865
56291
60175
90538
06931
03146
14583
31894
90734
67841
24689
39564
15763
23047
21386
80713
50483
41250
45326
09241
70456
53214
94152
26573
15379
10564
35687
28579
71453
85630
16302
27496
75806
30154
64803
65071
60812
23619
91260
87526
54621
40578
26549
51482
36458
72364
80724
17809
29467
35689
49531
85746
13874
07396
26914
47863
76103
05968
87391
72851
42189
93145
56328
35107
04716
03164
42615
25749
18406
36128
25908
17508
45827
79861
46197
43697
13407
03987
72093
80914
09687
06593
21863
06329
39527
85471
48956
52847
85420
73842
08541
17904
05879
52140
64038
87352
90143
37289
62719
98721
42705
26781
65148
79134
59028
76854
82950
80473
08653
42589
63795
14602
39241
82675
84321
03267
24815
78936
27410
81075
14765
47692
40731
28716
83046
67951
04127
61058
60289
87160
26910
57890
70381
91063
04135
16870
18674
05461
02846
32410
54820
68394
64907
98473
59671
47831
79031
74813
75280
84057
57908
86179
59107
51628
36805
79825
04563
01459
90845
72419
64297
43506
93874
05734
64730
97125
01325
89136
03924
52037
80321
50962
01359
70543
48315
62509
64571
36521
87924
52719
45139
53814
85310
90657
78321
28495
16452
07521
97514
39725
03624
40218
27548
57649
87692
84325
26531
87390
10475
91736
48379
19740
21659
19846
16758
87501
40728
18465
89140
37845
31875
51924
87532
95380
79243
87905
04582
45871
59460
17938
92847
38159
02514
78152
56294
79105
05389
13069
05379
27580
80246
36810
16473
94086
20145
86021
61752
10287
80653
13726
61792
16320
84901
58730
80759
72430
71028
24836
23014
92136
76180
19238
36418
89571
20918
71832
42507
08674
62418
74281
48916
43571
97486
68172
17869
69123
84639
25874
68720
47532
05174
27659
04536
74261
58716
39658
43819
34950
15489
86215
46790
79465
61980
60193
13674
28534
48735
57128
28196
40127
49215
01937
95402
38764
27105
40829
67034
18430
92014
85317
57089
30124
46503
08567
50126
26391
71532
97568
24019
34708
56409
49673
92015
96345
62501
48570
65234
39580
79081
69425
86231
53419
16423
70214
28790
08376
51697
62398
13765
72839
76842
69308
67935
18750
71950
29863
23897
62031
05864
94107
89532
42830
16832
42850
93046
05846
95341
43529
95072
57921
64813
21730
17935
28954
51968
97021
31042
30571
10396
19587
64391
07915
24756
10956
78613
14375
39726
96103
63097
29483
81309
89250
29408
38496
79531
42958
39061
70164
53967
65297
42351
96710
27861
10748
07658
06387
82419
07645
31590
16029
01836
53476
39425
13792
20781
97456
60721
87510
36920
09723
89107
31627
56184
60185
72450
27180
20786
15079
24658
42036
05978
23075
94018
40862
97546
63908
74031
40681
41370
52710
28504
12678
19346
16904
96240
16478
09426
43127
76913
87923
59031
92783
21903
91740
76298
96802
53942
38674
72198
72415
21640
89236
34297
90382
13058
48326
17642
12536
46810
80231
07596
31892
96015
45172
78965
67350
02416
91273
74923
16042
68230
31907
31985
91275
21364
07451
29706
45031
50193
17524
56430
17864
74265
68749
49023
61054
31805
94175
13890
65948
03869
23817
29384
34127
