96185
57932
03976
02584
63502
05219
94380
04879
76091
08524
31468
80392
96502
65734
62790
09357
23751
42739
75136
41692
48123
95306
75039
04583
98340
08294
92683
57389
84316
40268
40723
12589
74259
42083
82547
61497
69304
92658
60794
86514
01364
82964
81752
90875
65740
31057
42169
48652
16348
84395
07265
08917
68034
15942
16253
54617
89307
57049
25193
65473
02649
92547
31470
58467
17539
54098
92601
86529
62085
20974
93820
96185
57932
03976
02584
63502
05219
94380
04879
76091
08524
31468
80392
96502
65734
62790
09357
23751
42739
75136
41692
48123
95306
75039
04583
98340
08294
92683
57389
84316
40268
40723
12589
74259
42083
82547
61497
69304
92658
60794
86514
01364
82964
81752
90875
65740
31057
42169
48652
16348
84395
07265
08917
68034
15942
16253
54617
89307
57049
25193
65473
02649
92547
31470
58467
17539
54098
92601
86529
62085
20974
93820
