37405
97015
50162
75081
47829
38045
96185
60823
74016
57932
04615
04958
01627
59287
64279
03976
48059
07392
95723
65917
16592
49267
02584
48132
81370
59423
63502
05219
94380
05162
17285
10476
57836
69403
21530
04879
76091
08524
31468
57431
48523
45093
98374
80392
98035
80463
01634
45792
95371
03968
97853
15438
86025
96502
93462
35249
57312
65734
62790
09357
86425
98170
53467
29406
23751
42739
87913
02751
32605
75136
04239
41692
93481
70148
20413
48123
09675
95306
32564
30815
75039
54093
84670
35146
04583
98340
38754
47903
40572
08294
92683
57869
75923
57389
34291
92836
81690
46815
85042
75821
30849
81035
71063
38401
84316
27506
10649
40268
40723
12589
06524
05791
74508
74259
42083
82547
31920
78956
61497
40316
63915
50783
59021
69304
87430
92658
60794
30576
45976
69823
63490
91036
54823
13074
32560
93857
71649
62307
86514
85912
01364
82964
81752
90875
65740
58046
27960
31057
42169
48652
45283
10462
50176
50348
19672
16348
84395
07265
13870
42936
08917
68034
20174
15942
16253
78163
20749
54617
81964
40735
98632
06195
52401
45263
89307
23175
57049
25193
23694
40256
06752
65473
39405
64278
76023
02649
81395
61274
76459
42308
19684
92547
84360
31470
94302
56790
69487
73841
58467
84759
68039
06927
62490
17539
51890
34678
54098
31569
06427
49176
92601
74302
27309
86529
80254
35796
62085
95260
20974
93820
86173
31405
36421
56280
