70691
89263
52971
24973
02356
18239
59167
31760
19230
58374
52096
10652
42635
47931
74029
50643
61342
16234
34215
30954
36184
20815
58079
37092
76542
69753
07652
39182
17596
25893
32907
26537
07689
69423
29710
10865
56291
90538
06931
03146
31894
90734
67841
15763
23047
35186
21386
50483
41250
45326
09241
06135
70456
53214
89026
94152
63719
26573
15379
35687
28579
71453
13285
16302
73846
75806
65071
60812
23619
45610
91260
87526
54621
40578
26549
13907
36458
72364
58069
17845
29467
35689
49531
85746
13874
47863
84169
76103
87391
72851
42189
31267
35107
04716
42615
25749
18406
36128
25908
05218
10938
45827
79861
46197
74236
03987
72093
81527
52139
80914
09687
06593
21863
06329
39527
85471
39247
83091
52847
25463
85420
34067
95302
20854
74531
92158
19384
09513
05879
64038
87352
90143
62719
98721
42705
26781
05792
30864
79134
59028
76854
82950
91637
08653
79452
63795
39241
82675
42986
03267
24815
41896
27410
14765
47692
40731
83046
67951
61058
87160
91063
04135
16870
54830
18674
02846
32410
68394
64907
98473
47831
57908
86179
59107
51628
79825
04563
01459
69324
93874
05734
82760
39206
01325
89136
52037
50962
01359
64571
53814
32960
16452
03624
40218
57649
89512
87692
84325
48379
21659
19846
45176
18465
51924
04582
45871
13297
89754
59460
38159
02514
76145
79105
26358
05389
13069
05379
71253
27580
10482
36810
94086
37145
27519
93174
68190
86021
72830
80653
13726
61792
16320
84901
97245
58730
71028
24836
32067
23014
92136
76180
71832
08674
74281
48916
43571
97486
25874
47532
01324
86193
05174
04536
74261
58716
43819
86215
42681
18462
83726
85612
79465
61980
13674
28534
48735
57128
08691
95402
27105
21647
40829
84517
67034
92014
85317
57089
30124
92785
46503
50126
56409
49673
62501
48570
41657
79081
69425
81095
57169
86231
53419
16423
08376
51697
62398
13765
72839
67935
62031
89106
84652
14836
05864
28463
89532
42830
42850
93046
95341
43529
57921
21730
17935
17062
28954
97021
30571
10396
37620
68321
59384
64391
10956
39726
96103
63097
29483
48539
81309
41527
29408
69370
82469
70164
53967
65297
96710
05438
07658
81250
07645
16029
01836
39425
13792
36920
09723
89107
32965
48356
27180
57280
20786
09516
94018
75820
40862
97546
63908
40681
41370
85764
37951
28504
16827
12678
19346
16904
97236
16478
09426
43127
87923
86970
21903
91740
76298
38674
61304
94508
74621
72198
23018
89236
90382
13058
48326
60895
17642
07596
31892
96015
54196
59401
02416
91273
79843
74923
16042
31907
07314
21364
35210
07451
29706
97423
68921
10274
45031
50193
72310
17524
56430
74265
61054
10967
54782
13890
79405
03869
23817
29384
34127
