37405
97015
50162
75081
47829
38045
96185
60823
74016
57932
04615
04958
01627
59287
64279
03976
48059
07392
95723
65917
16592
02584
48132
81370
59423
05219
94380
05162
17285
10476
21530
08524
98374
93462
35249
65734
09357
98170
29406
23751
42739
87913
32605
41692
70148
20413
48123
09675
95306
75039
84670
35146
04583
38754
47903
08294
92683
75923
57389
34291
81690
85042
75821
30849
81035
71063
84316
10649
05791
74508
74259
42083
82547
61497
50783
59021
69304
92658
60794
30576
69823
63490
54823
32560
85912
01364
90875
65740
58046
31057
45283
10462
50176
50348
19672
16348
84395
07265
42936
68034
15942
16253
78163
20749
81964
52401
57049
25193
23694
40256
06752
65473
76023
19684
92547
31470
94302
56790
69487
84759
68039
06927
17539
51890
34678
06427
49176
92601
74302
27309
86529
62085
95260
20974
93820
86173
31405
36421
