54321
43728
39867
86139
96185
93875
89432
89607
14267
12785
98026
89263
57932
59167
93251
03976
58374
78092
81523
38054
09638
67149
24351
52096
70143
51863
02584
74029
63502
89360
05219
16234
94380
58079
69753
17596
26537
45269
04879
76091
35186
08524
31468
06135
89026
63719
80392
13285
73846
68594
07193
45610
26891
13907
82591
75810
58069
96502
90814
17845
65734
84169
62790
04265
31267
09357
79316
29547
05218
10938
23751
42739
07694
74236
81527
52139
87013
39247
75136
83091
25463
17852
34067
41692
95302
47265
20854
74531
48123
92158
95306
47680
19384
09513
75039
06243
05792
04583
30864
98340
91637
07612
79452
92837
42986
41896
08294
73049
92683
26738
16598
53426
40856
43269
54830
57389
34602
03765
69324
84316
82760
39206
67593
40268
40723
12589
32960
74259
51928
89512
42083
45176
82547
13720
13297
89754
61497
76145
26358
69304
71253
41602
92658
10482
60794
37145
27519
93174
68190
72830
27408
97245
34170
83924
32067
21849
86514
01324
86193
79824
42681
18462
36729
83726
85612
01364
82964
81752
90875
08716
08691
21647
84517
65740
92785
31057
42169
48652
41657
21065
56327
34870
81095
57169
15097
04319
90162
16348
52839
89106
84652
14836
28463
84395
36029
07265
23197
08917
68034
15942
16253
17062
54617
37620
68321
59384
89421
48539
41527
98137
89307
69370
57049
82469
25193
26197
96581
78206
89461
05438
65473
81250
02649
65078
16529
32965
92547
48356
57280
47180
09516
31470
75820
58467
32789
90586
85764
82507
37951
16827
97236
06231
17539
86970
54098
61304
94508
74621
61597
21497
23018
06348
92601
60895
67924
80916
54196
86529
59401
17805
79843
62085
07314
35210
97423
20974
93820
68921
10274
72310
49201
10967
54782
10234
50839
79405
