54321
43728
39867
86139
96185
93875
89432
89607
14267
12785
98026
57932
93251
03976
78092
81523
38054
09638
67149
24351
70143
51863
02584
89360
05219
94380
45269
08524
68594
07193
26891
82591
75810
90814
65734
04265
09357
79316
29547
23751
42739
07694
87013
17852
41692
47265
48123
95306
47680
75039
06243
04583
07612
92837
08294
73049
92683
26738
16598
53426
40856
43269
57389
34602
03765
84316
67593
74259
51928
42083
82547
13720
61497
69304
41602
92658
60794
27408
34170
83924
21849
79824
36729
01364
90875
08716
65740
31057
21065
56327
34870
15097
04319
90162
16348
52839
84395
36029
07265
23197
68034
15942
16253
89421
98137
57049
25193
26197
96581
78206
89461
65473
65078
16529
92547
47180
31470
32789
90586
82507
06231
17539
61597
21497
06348
92601
67924
80916
86529
17805
62085
20974
93820
49201
10234
50839
