70691
52971
24973
02356
18239
31760
19230
49267
10652
42635
47931
50643
61342
34215
30954
36184
20815
37092
76542
07652
39182
25893
57836
32907
07689
69423
29710
10865
56291
90538
06931
69403
03146
31894
90734
67841
15763
23047
21386
50483
41250
45326
09241
57431
70456
53214
48523
45093
94152
98035
26573
15379
80463
35687
28579
71453
01634
16302
75806
65071
60812
23619
91260
87526
54621
45792
95371
03968
40578
97853
26549
36458
72364
15438
86025
29467
35689
49531
85746
13874
57312
47863
76103
87391
72851
42189
35107
04716
86425
42615
25749
18406
36128
25908
53467
45827
79861
46197
03987
72093
80914
09687
06593
21863
06329
39527
85471
02751
52847
04239
85420
93481
32564
30815
05879
64038
87352
90143
54093
62719
98721
42705
26781
79134
59028
76854
82950
08653
63795
39241
82675
03267
24815
40572
27410
14765
47692
40731
57869
83046
67951
61058
87160
91063
04135
16870
18674
02846
92836
32410
46815
68394
64907
98473
47831
57908
86179
59107
51628
79825
04563
01459
38401
93874
05734
01325
89136
52037
50962
01359
27506
64571
06524
53814
16452
03624
40218
57649
87692
84325
48379
21659
19846
18465
51924
04582
31920
45871
78956
59460
40316
63915
38159
02514
79105
05389
87430
13069
05379
27580
36810
94086
45976
86021
91036
13074
80653
13726
61792
16320
84901
58730
93857
71028
24836
71649
23014
92136
76180
71832
08674
74281
48916
43571
97486
62307
25874
47532
05174
04536
74261
58716
43819
86215
79465
61980
13674
28534
48735
57128
95402
27105
40829
67034
92014
85317
57089
30124
27960
46503
50126
56409
49673
62501
48570
79081
69425
86231
53419
16423
08376
51697
62398
13765
72839
67935
62031
05864
89532
42830
42850
13870
93046
95341
43529
20174
57921
21730
17935
28954
97021
30571
10396
64391
10956
40735
39726
96103
63097
29483
81309
98632
29408
06195
45263
23175
70164
53967
65297
96710
07658
07645
16029
01836
39405
64278
39425
13792
81395
61274
36920
09723
76459
89107
42308
84360
27180
20786
94018
40862
97546
63908
73841
40681
41370
62490
28504
12678
19346
16904
16478
09426
43127
87923
21903
91740
76298
38674
72198
31569
89236
90382
13058
48326
17642
07596
31892
96015
80254
02416
91273
35796
74923
16042
31907
21364
07451
29706
45031
50193
17524
56430
74265
61054
13890
03869
23817
56280
29384
34127
