54321
43728
39867
86139
93875
89432
89607
14267
12785
98026
89263
59167
93251
58374
78092
81523
38054
09638
67149
24351
52096
70143
51863
74029
89360
16234
58079
69753
17596
26537
45269
35186
06135
89026
63719
13285
73846
68594
07193
45610
26891
13907
82591
75810
58069
90814
17845
84169
04265
31267
79316
29547
05218
10938
07694
74236
81527
52139
87013
39247
83091
25463
17852
34067
95302
47265
20854
74531
92158
47680
19384
09513
06243
05792
30864
91637
07612
79452
92837
42986
41896
73049
26738
16598
53426
40856
43269
54830
34602
03765
69324
82760
39206
67593
32960
51928
89512
45176
13720
13297
89754
76145
26358
71253
41602
10482
37145
27519
93174
68190
72830
27408
97245
34170
83924
32067
21849
01324
86193
79824
42681
18462
36729
83726
85612
08716
08691
21647
84517
92785
41657
21065
56327
34870
81095
57169
15097
04319
90162
52839
89106
84652
14836
28463
36029
23197
17062
37620
68321
59384
89421
48539
41527
98137
69370
82469
26197
96581
78206
89461
05438
81250
65078
16529
32965
48356
57280
47180
09516
75820
32789
90586
85764
82507
37951
16827
97236
06231
86970
61304
94508
74621
61597
21497
23018
06348
60895
67924
80916
54196
59401
17805
79843
07314
35210
97423
68921
10274
72310
49201
10967
54782
10234
50839
79405
54321
43728
39867
86139
93875
89432
89607
14267
12785
98026
89263
59167
93251
58374
78092
81523
38054
09638
67149
24351
52096
70143
51863
74029
89360
16234
58079
69753
17596
26537
45269
35186
06135
89026
63719
13285
73846
68594
07193
45610
26891
13907
82591
75810
58069
90814
17845
84169
04265
31267
79316
29547
05218
10938
07694
74236
81527
52139
87013
39247
83091
25463
17852
34067
95302
47265
20854
74531
92158
47680
19384
09513
06243
05792
30864
91637
07612
79452
92837
42986
41896
73049
26738
16598
53426
40856
43269
54830
34602
03765
69324
82760
39206
67593
32960
51928
89512
45176
13720
13297
89754
76145
26358
71253
41602
10482
37145
27519
93174
68190
72830
27408
97245
34170
83924
32067
21849
01324
86193
79824
42681
18462
36729
83726
85612
08716
08691
21647
84517
92785
41657
21065
56327
34870
81095
57169
15097
04319
90162
52839
89106
84652
14836
28463
36029
23197
17062
37620
68321
59384
89421
48539
41527
98137
69370
82469
26197
96581
78206
89461
05438
81250
65078
16529
32965
48356
57280
47180
09516
75820
32789
90586
85764
82507
37951
16827
97236
06231
86970
61304
94508
74621
61597
21497
23018
06348
60895
67924
80916
54196
59401
17805
79843
07314
35210
97423
68921
10274
72310
49201
10967
54782
10234
50839
79405
