16395
94180
54321
73506
05429
70691
69421
43728
35279
54920
39867
96082
62134
81970
01865
86139
38765
15306
17209
93875
57286
08261
83720
89432
89607
14267
82749
70643
12785
86394
63491
98026
89263
42975
26347
89105
52971
01936
17546
56908
24973
60345
02356
91806
05462
18239
49372
59167
38701
12643
46532
07516
93251
31760
19230
89251
02789
07291
58374
78092
28396
87039
94216
81523
15473
38054
35870
72019
01284
27980
10548
26091
98637
98653
09638
47693
51263
67149
63547
24351
23419
30762
52096
64735
10652
92456
42635
47931
70143
51863
74029
50643
89360
61342
16234
34215
10963
30954
36184
20815
35198
32451
58079
37092
76542
17096
69753
07652
39182
17596
25893
32907
18453
26537
07689
69423
45269
29710
10865
56291
60175
90538
06931
03146
14583
31894
90734
67841
24689
39564
15763
23047
35186
21386
80713
50483
41250
45326
09241
06135
70456
53214
89026
94152
63719
26573
15379
10564
35687
28579
71453
13285
85630
16302
73846
27496
75806
30154
68594
64803
65071
07193
60812
23619
45610
91260
87526
54621
26891
40578
26549
13907
51482
82591
36458
75810
72364
58069
80724
90814
17845
17809
29467
35689
49531
85746
13874
07396
26914
47863
84169
76103
05968
87391
72851
42189
04265
31267
93145
56328
35107
04716
03164
79316
42615
25749
18406
36128
25908
29547
05218
10938
17508
45827
79861
46197
07694
43697
13407
74236
03987
72093
81527
52139
80914
09687
87013
06593
21863
06329
39527
85471
48956
39247
83091
52847
25463
17852
85420
34067
73842
95302
47265
20854
74531
92158
08541
47680
19384
17904
09513
05879
52140
64038
87352
06243
90143
37289
62719
98721
42705
26781
05792
30864
65148
79134
59028
76854
82950
80473
91637
07612
08653
79452
42589
92837
63795
14602
39241
82675
84321
42986
03267
24815
78936
41896
27410
81075
73049
14765
47692
40731
28716
83046
67951
04127
61058
26738
60289
87160
26910
16598
57890
53426
40856
43269
70381
91063
04135
16870
54830
18674
05461
02846
32410
54820
68394
64907
98473
59671
47831
79031
74813
75280
84057
57908
34602
03765
86179
59107
51628
36805
79825
04563
01459
69324
90845
72419
64297
43506
93874
05734
82760
64730
97125
39206
67593
01325
89136
03924
52037
80321
50962
01359
70543
48315
62509
64571
36521
87924
52719
45139
53814
32960
85310
90657
78321
28495
16452
07521
97514
39725
03624
40218
51928
27548
57649
89512
87692
84325
26531
87390
10475
91736
48379
19740
21659
19846
16758
45176
87501
40728
18465
89140
37845
31875
51924
87532
95380
79243
87905
04582
45871
13720
13297
89754
59460
17938
92847
38159
02514
78152
56294
76145
79105
26358
05389
13069
05379
71253
27580
41602
80246
10482
36810
16473
94086
37145
20145
27519
93174
68190
86021
61752
72830
10287
80653
27408
13726
61792
16320
84901
97245
34170
58730
80759
72430
71028
24836
83924
32067
23014
92136
76180
19238
36418
89571
20918
71832
42507
21849
08674
62418
74281
48916
43571
97486
68172
17869
69123
84639
25874
68720
47532
01324
86193
05174
27659
04536
74261
58716
39658
43819
34950
15489
79824
86215
42681
18462
36729
83726
46790
85612
79465
61980
60193
13674
28534
48735
57128
28196
08716
40127
49215
08691
01937
95402
38764
27105
21647
40829
84517
67034
18430
92014
85317
57089
30124
92785
46503
08567
50126
26391
71532
97568
24019
34708
56409
49673
92015
96345
62501
48570
41657
65234
21065
39580
79081
56327
34870
69425
81095
57169
15097
86231
53419
16423
04319
70214
28790
08376
51697
62398
13765
72839
76842
90162
69308
67935
18750
52839
71950
29863
23897
62031
89106
84652
14836
05864
94107
28463
89532
36029
42830
16832
42850
23197
93046
05846
95341
43529
95072
57921
64813
21730
17935
17062
28954
51968
97021
31042
30571
10396
19587
37620
68321
59384
64391
07915
89421
24756
10956
78613
14375
39726
96103
63097
29483
48539
81309
41527
89250
29408
38496
79531
98137
42958
39061
69370
82469
26197
96581
70164
53967
65297
42351
78206
89461
96710
05438
27861
10748
07658
06387
82419
81250
07645
31590
16029
01836
53476
39425
13792
20781
97456
60721
87510
65078
36920
09723
16529
89107
31627
56184
32965
60185
72450
48356
27180
57280
20786
15079
47180
09516
24658
42036
05978
23075
94018
75820
40862
97546
63908
74031
40681
32789
41370
90586
85764
82507
52710
37951
28504
16827
12678
19346
16904
97236
96240
06231
16478
09426
43127
76913
87923
59031
92783
86970
21903
91740
76298
96802
53942
38674
61304
94508
74621
61597
72198
21497
23018
72415
21640
89236
06348
34297
90382
13058
48326
60895
17642
12536
46810
80231
07596
67924
80916
31892
96015
54196
45172
78965
59401
67350
17805
02416
91273
79843
74923
16042
68230
31907
31985
07314
91275
21364
35210
07451
29706
97423
68921
10274
45031
50193
72310
49201
17524
56430
17864
74265
68749
49023
61054
31805
10967
94175
54782
13890
10234
65948
50839
79405
03869
23817
29384
34127
