37405
97015
50162
75081
47829
38045
60823
74016
04615
04958
01627
59287
64279
48059
07392
95723
65917
16592
49267
48132
81370
59423
05162
17285
10476
57836
69403
21530
57431
48523
45093
98374
98035
80463
01634
45792
95371
03968
97853
15438
86025
93462
35249
57312
86425
98170
53467
29406
87913
02751
32605
04239
93481
70148
20413
09675
32564
30815
54093
84670
35146
38754
47903
40572
57869
75923
34291
92836
81690
46815
85042
75821
30849
81035
71063
38401
27506
10649
06524
05791
74508
31920
78956
40316
63915
50783
59021
87430
30576
45976
69823
63490
91036
54823
13074
32560
93857
71649
62307
85912
58046
27960
45283
10462
50176
50348
19672
13870
42936
20174
78163
20749
81964
40735
98632
06195
52401
45263
23175
23694
40256
06752
39405
64278
76023
81395
61274
76459
42308
19684
84360
94302
56790
69487
73841
84759
68039
06927
62490
51890
34678
31569
06427
49176
74302
27309
80254
35796
95260
86173
31405
36421
56280
37405
97015
50162
75081
47829
38045
60823
74016
04615
04958
01627
59287
64279
48059
07392
95723
65917
16592
49267
48132
81370
59423
05162
17285
10476
57836
69403
21530
57431
48523
45093
98374
98035
80463
01634
45792
95371
03968
97853
15438
86025
93462
35249
57312
86425
98170
53467
29406
87913
02751
32605
04239
93481
70148
20413
09675
32564
30815
54093
84670
35146
38754
47903
40572
57869
75923
34291
92836
81690
46815
85042
75821
30849
81035
71063
38401
27506
10649
06524
05791
74508
31920
78956
40316
63915
50783
59021
87430
30576
45976
69823
63490
91036
54823
13074
32560
93857
71649
62307
85912
58046
27960
45283
10462
50176
50348
19672
13870
42936
20174
78163
20749
81964
40735
98632
06195
52401
45263
23175
23694
40256
06752
39405
64278
76023
81395
61274
76459
42308
19684
84360
94302
56790
69487
73841
84759
68039
06927
62490
51890
34678
31569
06427
49176
74302
27309
80254
35796
95260
86173
31405
36421
56280
